size_mb run mode Avg_MHz Bzy_MHz IPC Pkg_J RAM_J
200 1 controller 169	1223	0.25	1.37	0.60
200 1 baseline 205	2967	0.20	1.67	0.54
200 2 controller 129	1027	0.29	1.14	0.56
200 2 baseline 209	2964	0.20	1.67	0.54
200 3 controller 128	1001	0.30	1.15	0.56
200 3 baseline 196	2972	0.20	1.63	0.54
200 4 controller 128	997	0.30	1.14	0.56
200 4 baseline 212	2952	0.19	1.68	0.54
200 5 controller 132	985	0.28	1.18	0.57
200 5 baseline 204	2968	0.20	1.69	0.54
200 6 controller 134	1026	0.30	1.18	0.56
200 6 baseline 219	2967	0.20	1.65	0.53
200 7 controller 130	994	0.31	1.16	0.56
200 7 baseline 210	2949	0.18	1.62	0.53
200 8 controller 139	951	0.34	1.23	0.59
200 8 baseline 209	2969	0.22	1.67	0.54
200 9 controller 133	953	0.35	1.23	0.59
200 9 baseline 227	2965	0.28	1.73	0.54
200 10 controller 127	1003	0.29	1.18	0.56
200 10 baseline 209	2962	0.19	1.69	0.54
500 1 controller 117	879	0.30	2.64	1.40
500 1 baseline 201	2959	0.18	4.05	1.33
500 2 controller 122	869	0.29	2.56	1.37
500 2 baseline 200	2962	0.19	4.04	1.32
500 3 controller 120	856	0.29	2.56	1.36
500 3 baseline 210	2962	0.21	4.10	1.33
500 4 controller 120	852	0.31	2.65	1.39
500 4 baseline 203	2968	0.18	4.03	1.32
500 5 controller 118	840	0.29	2.62	1.38
500 5 baseline 208	2969	0.18	4.09	1.33
500 6 controller 119	841	0.30	2.60	1.38
500 6 baseline 210	2968	0.18	4.08	1.33
500 7 controller 117	819	0.30	2.61	1.39
500 7 baseline 207	2967	0.18	4.08	1.34
500 8 controller 121	853	0.31	2.68	1.40
500 8 baseline 212	2969	0.18	4.09	1.34
500 9 controller 118	825	0.30	2.63	1.40
500 9 baseline 199	2964	0.19	4.11	1.34
500 10 controller 128	840	0.37	2.69	1.40
500 10 baseline 206	2969	0.18	4.07	1.33
1000 1 controller 112	860	0.31	5.45	2.88
1000 1 baseline 205	2956	0.17	8.03	2.64
1000 2 controller 115	786	0.30	4.99	2.74
1000 2 baseline 203	2960	0.17	8.02	2.64
1000 3 controller 113	785	0.30	4.99	2.72
1000 3 baseline 203	2965	0.18	8.02	2.63
1000 4 controller 113	779	0.30	5.01	2.74
1000 4 baseline 205	2971	0.17	8.04	2.65
1000 5 controller 114	771	0.30	5.00	2.74
1000 5 baseline 209	2965	0.19	8.13	2.64
1000 6 controller 117	761	0.32	5.04	2.76
1000 6 baseline 204	2967	0.17	8.01	2.63
1000 7 controller 114	799	0.30	4.99	2.72
1000 7 baseline 206	2968	0.17	8.06	2.64
1000 8 controller 117	800	0.33	5.04	2.74
1000 8 baseline 204	2966	0.18	8.04	2.65
1000 9 controller 114	803	0.30	4.99	2.73
1000 9 baseline 204	2966	0.17	8.08	2.64
1000 10 controller 115	808	0.29	5.02	2.73
1000 10 baseline 210	2968	0.19	8.02	2.63
1500 1 controller 116	810	0.32	7.49	4.13
1500 1 baseline 204	2965	0.17	12.00	3.95
1500 2 controller 114	792	0.30	7.45	4.10
1500 2 baseline 203	2964	0.17	12.02	3.95
1500 3 controller 112	779	0.30	7.42	4.11
1500 3 baseline 202	2969	0.17	11.96	3.93
1500 4 controller 113	775	0.32	7.44	4.12
1500 4 baseline 204	2968	0.19	12.04	3.95
1500 5 controller 114	778	0.30	7.40	4.09
1500 5 baseline 207	2962	0.17	12.01	3.95
1500 6 controller 113	779	0.30	7.39	4.07
1500 6 baseline 207	2967	0.19	12.04	3.94
1500 7 controller 114	770	0.30	7.37	4.08
1500 7 baseline 203	2967	0.17	11.93	3.92
1500 8 controller 116	796	0.32	7.39	4.07
1500 8 baseline 204	2963	0.17	11.98	3.94
1500 9 controller 113	789	0.30	7.38	4.06
1500 9 baseline 204	2968	0.17	11.92	3.94
1500 10 controller 114	789	0.31	7.47	4.11
1500 10 baseline 207	2971	0.18	12.10	3.98
2000 1 controller 130	807	0.45	10.19	5.49
2000 1 baseline 205	2967	0.18	16.09	5.27
2000 2 controller 112	776	0.30	9.86	5.46
2000 2 baseline 203	2969	0.17	15.88	5.25
2000 3 controller 114	774	0.32	9.84	5.44
2000 3 baseline 203	2968	0.17	15.98	5.26
2000 4 controller 112	761	0.30	9.77	5.46
2000 4 baseline 201	2970	0.17	15.86	5.24
2000 5 controller 112	771	0.30	9.75	5.40
2000 5 baseline 203	2964	0.17	15.93	5.23
2000 6 controller 112	780	0.30	9.79	5.44
2000 6 baseline 202	2967	0.17	15.85	5.24
2000 7 controller 113	778	0.30	9.80	5.45
2000 7 baseline 200	2965	0.17	15.86	5.24
2000 8 controller 113	771	0.30	9.78	5.41
2000 8 baseline 203	2969	0.17	15.87	5.25
2000 9 controller 112	769	0.30	9.75	5.44
2000 9 baseline 204	2971	0.18	15.96	5.26
2000 10 controller 112	772	0.30	9.78	5.42
2000 10 baseline 203	2969	0.17	15.91	5.24
