
1000MB - DISK				
run,instructions,cycles,ipc
1,89491808,752533623,0.118921
2,87030298,735502305,0.118328
3,86896867,767982142,0.113150
4,86324677,766397132,0.112637
5,89279519,779174576,0.114582
6,86286853,761979695,0.113240
7,90114242,800556300,0.112565
8,87089364,772211314,0.112779
9,90593367,771515039,0.117423
10,89036110,810118169,0.109905

					avg instructions - 88214310.50
					avg cycles - 771797029.50
					avg ipc - 0.114353

1000MB - RAMFS
run,instructions,cycles,ipc
1,94505950,319023926,0.296235
2,94341497,306792103,0.307510
3,94352586,311638599,0.302763
4,94249814,300280883,0.313872
5,94206643,295096800,0.319240
6,94293260,299387245,0.314954
7,94189764,295025289,0.319260
8,94282607,303781082,0.310364
9,94236269,300323209,0.313783
10,94301055,298978280,0.315411
					avg instructions - 94295944.50
					avg cycles - 303032741.60
					avg ipc - 0.311339
-------------------------------------------------------------------------					

2000MB - DISK
run,instructions,cycles,ipc
1,167838935,1461004662,0.114879
2,172325745,1474906203,0.116838
3,168092846,1477035075,0.113804
4,172926429,1480511615,0.116802
5,167151691,1457803748,0.114660
6,167406118,1448833230,0.115545
7,172493453,1472191295,0.117168
8,167124084,1454794886,0.114878
9,167323981,1457714439,0.114785
10,172500986,1473236766,0.117090

					avg instructions - 169518426.80
					avg cycles - 1465803191.90
					avg ipc - 0.115645


2000MB - RAMFS
run,instructions,cycles,ipc
1,184984153,591497829,0.312739
2,185027575,591492269,0.312815
3,185028349,589941795,0.313638
4,184753789,582516380,0.317165
5,184972491,591561423,0.312685
6,184877067,583060650,0.317080
7,184886071,591143657,0.312760
8,184898933,588471671,0.314202
9,184818199,586427992,0.315159
10,184927629,592805591,0.311953

					avg instructions - 184917425.60
					avg cycles - 588891925.70
					avg ipc - 0.314020
-------------------------------------------------------------------------
